[38;2;255;255;255m






















   ███████[38;2;158;252;98m╗[38;2;255;255;255m██████[38;2;158;252;98m╗[38;2;255;255;255m ███████[38;2;158;252;98m╗[38;2;255;255;255m███████[38;2;241;245;249m╗[38;2;255;255;255m██████[38;2;241;245;249m╗[38;2;255;255;255m ██[38;2;241;245;249m╗[38;2;255;255;255m   ██[38;2;241;245;249m╗[38;2;255;255;255m███████[38;2;241;245;249m╗[38;2;255;255;255m███████[38;2;241;245;249m╗[38;2;255;255;255m
   ██[38;2;158;252;98m╔════╝[38;2;255;255;255m██[38;2;158;252;98m╔══[38;2;255;255;255m██[38;2;158;252;98m╗[38;2;255;255;255m██[38;2;158;252;98m╔════╝[38;2;255;255;255m██[38;2;158;252;98m╔═[38;2;241;245;249m═══╝[38;2;255;255;255m██[38;2;241;245;249m╔══[38;2;255;255;255m██[38;2;241;245;249m╗[38;2;255;255;255m██[38;2;241;245;249m║[38;2;255;255;255m   ██[38;2;241;245;249m║[38;2;255;255;255m██[38;2;241;245;249m╔════╝[38;2;255;255;255m██[38;2;241;245;249m╔════╝[38;2;255;255;255m
   █████[38;2;158;252;98m╗[38;2;255;255;255m  ██████[38;2;158;252;98m╔╝[38;2;255;255;255m█████[38;2;158;252;98m╗[38;2;255;255;255m  █████[38;2;241;245;249m╗[38;2;255;255;255m  ██████[38;2;241;245;249m╔╝[38;2;255;255;255m██[38;2;241;245;249m║[38;2;255;255;255m   ██[38;2;241;245;249m║[38;2;255;255;255m█████[38;2;241;245;249m╗[38;2;255;255;255m  █████[38;2;241;245;249m╗[38;2;255;255;255m
   ██[38;2;158;252;98m╔══╝[38;2;255;255;255m  ██[38;2;158;252;98m╔══[38;2;255;255;255m██[38;2;158;252;98m╗[38;2;255;255;255m██[38;2;158;252;98m╔══╝[38;2;255;255;255m  ██[38;2;158;252;98m╔═[38;2;241;245;249m═╝[38;2;255;255;255m  ██[38;2;241;245;249m╔══[38;2;255;255;255m██[38;2;241;245;249m╗[38;2;255;255;255m██[38;2;241;245;249m║[38;2;255;255;255m   ██[38;2;241;245;249m║[38;2;255;255;255m██[38;2;241;245;249m╔══╝[38;2;255;255;255m  ██[38;2;241;245;249m╔══╝[38;2;255;255;255m
   ██[38;2;158;252;98m║[38;2;255;255;255m     ██[38;2;158;252;98m║[38;2;255;255;255m  ██[38;2;158;252;98m║[38;2;255;255;255m███████[38;2;158;252;98m╗[38;2;255;255;255m███████[38;2;241;245;249m╗[38;2;255;255;255m██████[38;2;241;245;249m╔╝╚[38;2;255;255;255m██████[38;2;241;245;249m╔╝[38;2;255;255;255m██[38;2;241;245;249m║[38;2;255;255;255m     ██[38;2;241;245;249m║[38;2;255;255;255m
   [38;2;158;252;98m╚═╝[38;2;255;255;255m     [38;2;158;252;98m╚═╝[38;2;255;255;255m  [38;2;158;252;98m╚═╝╚══════╝╚═══[38;2;241;245;249m═══╝╚═════╝[38;2;255;255;255m  [38;2;241;245;249m╚═════╝[38;2;255;255;255m [38;2;241;245;249m╚═╝[38;2;255;255;255m     [38;2;241;245;249m╚═╝[38;2;255;255;255m

  [38;2;241;245;249mFreebuff will run commands on your behalf to help you build.[38;2;255;255;255m

  [38;2;241;245;249mDirectory [38;2;172;179;191m/private/tmp/bufflink-probe[38;2;255;255;255m

[48;2;51;65;85m [38;2;163;174;208mGLM 5.3 Flash · 1h left[38;2;255;255;255m                                                                                 [38;2;163;174;208m✕ End session[38;2;255;255;255m
[38;2;241;245;249m[49m╭──────────────────────────────────────────────────────────────────────────────────────────────────────────────────────╮
│[38;2;255;255;255m                                                                                                                      [38;2;241;245;249m│
│[38;2;255;255;255m  [1m[38;2;158;252;98m▍[0m[38;2;172;179;191mEnter a coding task or / for commands[38;2;255;255;255m                                                                              [38;2;241;245;249m│
│[38;2;255;255;255m                                                                                                                      [38;2;241;245;249m│
╰──────────────────────────────────────────────────────────────────────────────────────────────────────────────────────╯
