[38;2;255;255;255m











                            ███████[38;2;158;252;98m╗[38;2;255;255;255m██████[38;2;158;252;98m╗[38;2;255;255;255m ███████[38;2;158;252;98m╗[38;2;255;255;255m███████[38;2;158;252;98m╗[38;2;255;255;255m██████[38;2;158;252;98m╗[38;2;255;255;255m ██[38;2;158;252;98m╗[38;2;255;255;255m   ██[38;2;158;252;98m╗[38;2;255;255;255m███████[38;2;158;252;98m╗[38;2;255;255;255m███████[38;2;158;252;98m╗[38;2;255;255;255m
                            ██[38;2;158;252;98m╔════╝[38;2;255;255;255m██[38;2;158;252;98m╔══[38;2;255;255;255m██[38;2;158;252;98m╗[38;2;255;255;255m██[38;2;158;252;98m╔════╝[38;2;255;255;255m██[38;2;158;252;98m╔════╝[38;2;255;255;255m██[38;2;158;252;98m╔══[38;2;255;255;255m██[38;2;158;252;98m╗[38;2;255;255;255m██[38;2;158;252;98m║[38;2;255;255;255m   ██[38;2;158;252;98m║[38;2;255;255;255m██[38;2;158;252;98m╔════╝[38;2;255;255;255m██[38;2;158;252;98m╔════╝[38;2;255;255;255m
                            █████[38;2;158;252;98m╗[38;2;255;255;255m  ██████[38;2;158;252;98m╔╝[38;2;255;255;255m█████[38;2;158;252;98m╗[38;2;255;255;255m  █████[38;2;158;252;98m╗[38;2;255;255;255m  ██████[38;2;158;252;98m╔╝[38;2;255;255;255m██[38;2;158;252;98m║[38;2;255;255;255m   ██[38;2;158;252;98m║[38;2;255;255;255m█████[38;2;158;252;98m╗[38;2;255;255;255m  █████[38;2;158;252;98m╗[38;2;255;255;255m
                            ██[38;2;158;252;98m╔══╝[38;2;255;255;255m  ██[38;2;158;252;98m╔══[38;2;255;255;255m██[38;2;158;252;98m╗[38;2;255;255;255m██[38;2;158;252;98m╔══╝[38;2;255;255;255m  ██[38;2;158;252;98m╔══╝[38;2;255;255;255m  ██[38;2;158;252;98m╔══[38;2;255;255;255m██[38;2;158;252;98m╗[38;2;255;255;255m██[38;2;158;252;98m║[38;2;255;255;255m   ██[38;2;158;252;98m║[38;2;255;255;255m██[38;2;158;252;98m╔══╝[38;2;255;255;255m  ██[38;2;158;252;98m╔══╝[38;2;255;255;255m
                            ██[38;2;158;252;98m║[38;2;255;255;255m     ██[38;2;158;252;98m║[38;2;255;255;255m  ██[38;2;158;252;98m║[38;2;255;255;255m███████[38;2;158;252;98m╗[38;2;255;255;255m███████[38;2;158;252;98m╗[38;2;255;255;255m██████[38;2;158;252;98m╔╝╚[38;2;255;255;255m██████[38;2;158;252;98m╔╝[38;2;255;255;255m██[38;2;158;252;98m║[38;2;255;255;255m     ██[38;2;158;252;98m║[38;2;255;255;255m
                            [38;2;158;252;98m╚═╝[38;2;255;255;255m     [38;2;158;252;98m╚═╝[38;2;255;255;255m  [38;2;158;252;98m╚═╝╚══════╝╚══════╝╚═════╝[38;2;255;255;255m  [38;2;158;252;98m╚═════╝[38;2;255;255;255m [38;2;158;252;98m╚═╝[38;2;255;255;255m     [38;2;158;252;98m╚═╝[38;2;255;255;255m

                                   [1m[38;2;241;245;249mAnother freebuff instance took over this account.[0m[38;2;255;255;255m


                                   [38;2;172;179;191mOnly one CLI per account can be active at a time.[38;2;255;255;255m

                                 [38;2;172;179;191mClose the other instance, then restart freebuff here.[38;2;255;255;255m



                                                  [38;2;172;179;191mPress [38;2;158;252;98mCtrl+C[38;2;172;179;191m to exit.[38;2;255;255;255m











