[38;2;255;255;255m
                                                                                                                    [1m[38;2;172;179;191m✕[0m[38;2;255;255;255m










                            ███████[38;2;241;245;249m╗[38;2;255;255;255m██████[38;2;241;245;249m╗[38;2;255;255;255m ███████[38;2;241;245;249m╗[38;2;255;255;255m███████[38;2;158;252;98m╗[38;2;255;255;255m██████[38;2;158;252;98m╗[38;2;255;255;255m ██[38;2;158;252;98m╗[38;2;255;255;255m   ██[38;2;158;252;98m╗[38;2;255;255;255m███████[38;2;158;252;98m╗[38;2;255;255;255m███████[38;2;158;252;98m╗[38;2;255;255;255m
                            ██[38;2;241;245;249m╔════╝[38;2;255;255;255m██[38;2;241;245;249m╔══[38;2;255;255;255m██[38;2;241;245;249m╗[38;2;255;255;255m██[38;2;241;245;249m╔════╝[38;2;255;255;255m██[38;2;241;245;249m╔═[38;2;158;252;98m═══╝[38;2;255;255;255m██[38;2;158;252;98m╔══[38;2;255;255;255m██[38;2;158;252;98m╗[38;2;255;255;255m██[38;2;158;252;98m║[38;2;255;255;255m   ██[38;2;158;252;98m║[38;2;255;255;255m██[38;2;158;252;98m╔════╝[38;2;255;255;255m██[38;2;158;252;98m╔════╝[38;2;255;255;255m
                            █████[38;2;241;245;249m╗[38;2;255;255;255m  ██████[38;2;241;245;249m╔╝[38;2;255;255;255m█████[38;2;241;245;249m╗[38;2;255;255;255m  █████[38;2;158;252;98m╗[38;2;255;255;255m  ██████[38;2;158;252;98m╔╝[38;2;255;255;255m██[38;2;158;252;98m║[38;2;255;255;255m   ██[38;2;158;252;98m║[38;2;255;255;255m█████[38;2;158;252;98m╗[38;2;255;255;255m  █████[38;2;158;252;98m╗[38;2;255;255;255m
                            ██[38;2;241;245;249m╔══╝[38;2;255;255;255m  ██[38;2;241;245;249m╔══[38;2;255;255;255m██[38;2;241;245;249m╗[38;2;255;255;255m██[38;2;241;245;249m╔══╝[38;2;255;255;255m  ██[38;2;241;245;249m╔═[38;2;158;252;98m═╝[38;2;255;255;255m  ██[38;2;158;252;98m╔══[38;2;255;255;255m██[38;2;158;252;98m╗[38;2;255;255;255m██[38;2;158;252;98m║[38;2;255;255;255m   ██[38;2;158;252;98m║[38;2;255;255;255m██[38;2;158;252;98m╔══╝[38;2;255;255;255m  ██[38;2;158;252;98m╔══╝[38;2;255;255;255m
                            ██[38;2;241;245;249m║[38;2;255;255;255m     ██[38;2;241;245;249m║[38;2;255;255;255m  ██[38;2;241;245;249m║[38;2;255;255;255m███████[38;2;241;245;249m╗[38;2;255;255;255m███████[38;2;158;252;98m╗[38;2;255;255;255m██████[38;2;158;252;98m╔╝╚[38;2;255;255;255m██████[38;2;158;252;98m╔╝[38;2;255;255;255m██[38;2;158;252;98m║[38;2;255;255;255m     ██[38;2;158;252;98m║[38;2;255;255;255m
                            [38;2;241;245;249m╚═╝[38;2;255;255;255m     [38;2;241;245;249m╚═╝[38;2;255;255;255m  [38;2;241;245;249m╚═╝╚══════╝╚═══[38;2;158;252;98m═══╝╚═════╝[38;2;255;255;255m  [38;2;158;252;98m╚═════╝[38;2;255;255;255m [38;2;158;252;98m╚═╝[38;2;255;255;255m     [38;2;158;252;98m╚═╝[38;2;255;255;255m


                    [1m[38;2;241;245;249mStart coding for free[0m[38;2;255;255;255m   [38;2;241;245;249m2 day streak[38;2;158;252;98m  ●●○○○○○[38;2;255;255;255m

                    [38;2;158;252;98m┌──────────────────────────────────────────────────────────────────────────────┐[38;2;255;255;255m
                    [38;2;158;252;98m│[38;2;255;255;255m [38;2;241;245;249m› [1mGLM 5.3 Flash[0m[38;2;172;179;191m · Deep reasoning · Reasoning: max · Images[1m[38;2;158;252;98m · NEW[0m[38;2;255;255;255m             [38;2;158;252;98m│[38;2;255;255;255m
                    [38;2;158;252;98m│[38;2;255;255;255m                                [38;2;172;179;191m5 Freebucks/hr[38;2;255;255;255m                                [38;2;158;252;98m│[38;2;255;255;255m
                    [38;2;158;252;98m└──────────────────────────────────────────────────────────────────────────────┘[38;2;255;255;255m

                    [38;2;172;179;191mFREE · 20/25 Freebucks daily · resets in 2h 23m[38;2;255;255;255m

                    [38;2;241;245;249m↓  See all 4 models[38;2;255;255;255m

                    [38;2;172;179;191m✦ Refer friends → [38;2;241;245;249mearn Freebucks[38;2;172;179;191m:[38;2;255;255;255m

                    [38;2;241;245;249m⎘ Copy invite link[38;2;163;174;208m  Open Earn ↵[38;2;255;255;255m

[38;2;172;179;191m────────────────────────────────────────────────────────────────────────────────────────────────────────────────────────
[38;2;255;255;255m



